87,
87,
88,
89,
89,
90,
90,
91,
92,
92,
92,
93,
93,
93,
88,
81,
78,
70,
67,
62,
57,
53,
51,
48,
47,
43,
40,
36,
34,
32,
32,
30,
28,
28,
28,
25,
24,
22,
21,
20,
19,
18,
17,
16,
16,
15,
15,
13,
14,
13,
13,
16,
16,
15,
15,
14,
14,
14,
14,
14,
15,
14,
13,
13,
13,
15,
18,
24,
23,
21,
21,
19,
19,
21,
20,
20,
21,
21,
23,
24,
23,
23,
22,
22,
24,
25,
25,
25,
22,
22,
21,
20,
20,
22,
24,
22,
21,
20,
20,
18,
18,
18,
19,
18,
18,
18,
17,
16,
17,
18,
18,
19,
19,
21,
21,
20,
19,
19,
18,
20,
21,
20,
19,
19,
18,
17,
17,
18,
17,
16,
15,
15,
17,
18,
17,
17,
16,
15,
16,
17,
18,
18,
17,
15,
15,
13,
13,
13,
13,
13,
14,
14,
14,
15,
14,
14,
14,
15,
15,
15,
15,
14,
13,
12,
12,
12,
11,
10,
10,
10,
9,
10,
11,
11,
12,
12,
11,
10,
10,
10,
12,
12,
11,
11,
11,
12,
15,
16,
15,
15,
15,
14,
14,
15,
15,
14,
14,
13,
12,
12,
11,
11,
10,
10,
10,
10,
11,
11,
11,
10,
9,
9,
8,
9,
8,
8,
8,
8,
8,
9,
10,
9,
9,
8,
8,
8,
8,
9,
9,
9,
9,
10,
11,
10,
9,
9,
9,
9,
9,
8,
8,
7,
8,
8,
8,
7,
7,
7,
7,
7,
6,
6,
7,
7,
7,
8,
8,
7,
8,
8,
8,
8,
8,
8,
8,
8,
7,
7,
7,
8,
8,
8,
8,
8,
8,
8,
7,
7,
7,
7,
6,
6,
7,
13,
66,
93,
93,
92,
92,
91,
91,
90,
90,
90,
90,
91,
92,
92,
92,
93,
93,
93,
93,
89,
87,
82,
79,
74,
69,
62,
60,
54,
51,
47,
44,
40,
38,
35,
33,
30,
27,
24,
23,
22,
21,
20,
20,
19,
18,
17,
16,
15,
14,
13,
13,
12,
11,
11,
11,
10,
10,
9,
9,
8,
8,
8,
7,
8,
8,
8,
8,
8,
8,
8,
8,
7,
7,
7,
6,
6,
5,
6,
6,
6,
5,
5,
5,
5,
5,
5,
5,
5,
5,
5,
5,
5,
5,
4,
5,
5,
5,
5,
5,
5,
5,
5,
5,
5,
4,
4,
4,
4,
4,
4,
4,
4,
4,
4,
4,
4,
4,
4,
4,
4,
4,
3,
3,
3,
4,
5,
5,
5,
5,
5,
5,
5,
4,
4,
4,
4,
4,
4,
4,
4,
4,
4,
4,
4,
4,
4,
4,
4,
5,
6,
6,
6,
6,
6,
6,
6,
7,
6,
7,
6,
6,
6,
6,
6,
5,
5,
5,
5,
5,
5,
5,
6,
6,
5,
6,
5,
5,
5,
5,
4,
4,
4,
4,
4,
5,
5,
5,
5,
5,
4,
5,
4,
4,
4,
4,
4,
4,
4,
4,
5,
5,
5,
6,
6,
5,
5,
5,
5,
5,
5,
6,
6,
5,
5,
5,
5,
5,
5,
5,
4,
4,
4,
4,
4,
4,
4,
5,
4,
4,
4,
4,
4,
4,
4,
4,
4,
4,
4,
4,
5,
5,
6,
6,
6,
6,
6,
5,
5,
5,
5,
5,
5,
6,
6,
6,
7,
7,
6,
6,
6,
6,
5,
5,
6,
6,
5,
5,
5,
5,
5,
5,
5,
5,
5,
6,
6,
6,
6,
6,
6,
6,
5,
5,
6,
6,
5,
5,
5,
5,
5,
5,
5,
6,
6,
6,
6,
6,
5,
5,
5,
5,
5,
5,
5,
5,
5,
5,
5,
5,
5,
5,
5,
5,
5,
5,
6,
6,
6,
7,
8,
8,
8,
8,
8,
7,
7,
7,
7,
7,
6,
6,
6,
6,
6,
6,
6,
6,
6,
6,
5,
5,
5,
5,
5,
5,
5,
5,
5,
6,
13,
18,
21,
21,
21,
20,
18,
18,
16,
16,
15,
14,
13,
13,
13,
13,
12,
11,
10,
10,
11,
11,
11,
10,
9,
9,
9,
8,
8,
7,
7,
7,
8,
8,
7,
7,
6,
6,
6,
7,
7,
6,
7,
7,
7,
7,
8,
8,
8,
8,
8,
8,
7,
7,
7,
7,
6,
7,
6,
6,
6,
6,
5,
5,
5,
5,
5,
5,
5,
5,
5,
5,
5,
5,
4,
4,
4,
4,
4,
4,
4,
4,
4,
4,
4,
4,
3,
4,
4,
4,
4,
4,
4,
4,
5,
5,
5,
5,
5,
5,
5,
5,
5,
5,
5,
5,
5,
5,
5,
5,
6,
6,
5,
5,
6,
6,
6,
6,
6,
6,
6,
6,
7,
7,
7,
7,
6,
6,
7,
7,
7,
7,
7,
7,
7,
7,
7,
6,
6,
6,
6,
6,
