87,
88,
88,
89,
89,
90,
91,
91,
92,
92,
93,
93,
93,
93,
87,
82,
74,
67,
61,
59,
54,
52,
47,
43,
38,
36,
33,
32,
29,
26,
24,
23,
21,
20,
19,
17,
16,
16,
15,
14,
13,
12,
11,
11,
10,
10,
9,
8,
8,
8,
7,
8,
8,
7,
7,
7,
6,
7,
8,
8,
8,
8,
9,
10,
10,
9,
8,
8,
10,
11,
14,
15,
15,
16,
19,
20,
19,
18,
17,
17,
18,
19,
21,
20,
20,
20,
23,
24,
26,
25,
24,
24,
23,
23,
21,
20,
19,
17,
17,
16,
17,
17,
17,
16,
15,
14,
14,
14,
14,
14,
14,
14,
13,
12,
12,
11,
12,
12,
11,
11,
10,
10,
10,
10,
9,
10,
10,
9,
8,
8,
9,
9,
9,
9,
10,
11,
10,
10,
9,
9,
9,
9,
8,
9,
9,
9,
9,
9,
8,
8,
9,
9,
9,
9,
11,
11,
10,
10,
10,
9,
10,
9,
9,
8,
8,
8,
8,
8,
7,
8,
10,
9,
9,
9,
8,
8,
8,
8,
9,
10,
10,
9,
9,
9,
9,
9,
9,
10,
9,
8,
8,
8,
8,
7,
8,
8,
8,
8,
8,
8,
7,
7,
7,
7,
7,
7,
7,
7,
8,
8,
7,
7,
7,
6,
6,
6,
7,
7,
8,
10,
10,
10,
11,
13,
17,
25,
40,
49,
93,
93,
93,
92,
91,
91,
91,
91,
92,
92,
93,
93,
93,
93,
93,
93,
93,
91,
82,
78,
73,
68,
63,
60,
55,
53,
48,
44,
42,
40,
36,
35,
32,
29,
27,
26,
24,
23,
21,
19,
19,
19,
18,
18,
16,
16,
17,
17,
16,
15,
15,
15,
15,
13,
13,
14,
15,
17,
17,
15,
15,
14,
14,
15,
14,
13,
13,
13,
13,
12,
12,
11,
10,
10,
9,
9,
9,
8,
8,
9,
9,
9,
9,
8,
8,
8,
10,
25,
59,
92,
91,
91,
91,
91,
91,
92,
92,
93,
93,
93,
93,
93,
90,
82,
80,
83,
83,
77,
74,
74,
74,
70,
67,
64,
59,
57,
56,
51,
50,
50,
47,
47,
45,
43,
43,
41,
37,
34,
35,
32,
31,
28,
26,
28,
29,
30,
30,
28,
26,
22,
22,
23,
22,
21,
21,
21,
21,
20,
20,
19,
19,
18,
17,
17,
18,
19,
19,
18,
20,
20,
19,
19,
20,
20,
20,
19,
19,
18,
17,
16,
15,
15,
15,
14,
14,
13,
14,
15,
14,
14,
13,
14,
15,
14,
14,
13,
13,
12,
12,
11,
12,
11,
11,
11,
12,
12,
12,
12,
13,
13,
12,
11,
11,
10,
10,
9,
10,
10,
10,
10,
10,
10,
9,
9,
8,
9,
8,
8,
8,
7,
7,
7,
7,
7,
8,
9,
9,
9,
10,
12,
12,
11,
13,
15,
14,
14,
13,
13,
13,
11,
11,
11,
10,
9,
8,
8,
8,
8,
8,
8,
7,
7,
7,
6,
6,
7,
7,
7,
7,
9,
10,
10,
10,
11,
11,
11,
10,
10,
9,
9,
9,
10,
10,
10,
10,
10,
10,
10,
10,
10,
10,
9,
9,
8,
8,
8,
8,
8,
8,
8,
8,
8,
9,
10,
10,
10,
10,
10,
10,
10,
10,
10,
10,
10,
9,
9,
9,
8,
8,
8,
8,
8,
8,
7,
7,
7,
6,
6,
6,
5,
5,
5,
5,
6,
6,
6,
6,
6,
6,
6,
6,
6,
6,
5,
5,
5,
5,
5,
5,
5,
5,
5,
5,
5,
5,
5,
5,
5,
5,
6,
6,
6,
6,
6,
5,
5,
5,
5,
5,
6,
7,
7,
7,
7,
7,
7,
7,
7,
7,
6,
7,
7,
6,
6,
6,
6,
6,
6,
6,
7,
8,
9,
9,
9,
10,
10,
11,
11,
10,
10,
11,
12,
11,
11,
12,
13,
12,
11,
11,
11,
11,
10,
10,
